        	M1	M2	M3	M4	Final
					
10000163	75	45	80	65	74
10010115	65	66	75	20	56
10010124	100	90	95	80	86
10010152	98	85	80	85	67
10020145	65	74	0	75	48
10020156	40	85	70	52	61
10020287	80	80	95	60	78
10020515	90	85	100	35	71
10030142	95	36	95	21	57
10030260	75	90	90	56	72
10040126	100	100	95	96	81
10000163	75	30	80	65	74
10010125	65	23	75	20	56
10010124	87	90	95	80	86
10010132	73	85	80	85	67
10020445	65	63	100	75	81
10020556	40	85	54	52	56
10022287	80	80	95	60	78
10020515	90	85	44	35	52
10030172	95	36	87	21	54
10030360	75	90	90	78	79
10040176	34	100	95	86	77
60010308	0	85	95	22	68
60010309	100	85	80	85	80
60020006	90	98	85	96	88
60020009	60	96	85	90	87
60030070	85	75	100	86	83
60010508	0	85	95	22	68
60016309	45	85	17	85	59
60020206	90	67	85	96	88
60023009	60	35	85	90	87
60030670	43	75	100	86	83
70010046	90	60	80	70	70
70017046	90	90	80	70	70
80020801	40	20	95	50	65
80020911	90	0	0	72	37
80030219	96	70	90	55	59
80020881	40	20	63	50	55
80020921	90	0	4	72	39
80030239	96	99	90	55	59
80020301	66	20	95	50	65
80027511	90	76	0	72	37
80037219	96	54	90	55	59
80024581	40	20	63	50	55
80023321	90	0	78	72	72
80039839	96	57	90	55	74
